version https://git-lfs.github.com/spec/v1
oid sha256:065e837e5959adc2ebd15fa150df72df4ec8c07cb8a003c785e696d6d789aa5c
size 103532
